  -6.6475627e-04   1.1161765e-02   4.0496080e-02  -9.9907807e-01  -8.8123663e-03   6.0068443e-04   1.5275113e-04
   3.9982968e-03   9.9473338e-01  -3.6269306e-02   1.0480544e-02  -9.5204515e-02   5.3458160e-04   1.6573666e-04
  -3.2943285e-05  -7.4144585e-04   8.6340422e-04   2.4552198e-04  -6.2051573e-03   1.8614350e-02   9.9980680e-01
  -3.3006980e-04  -8.7719725e-02   1.7308611e-01   1.4689253e-02  -9.8085191e-01   4.3923956e-03  -6.3874361e-03
  -2.2790606e-04  -7.7847767e-04  -1.2962671e-02   4.3272385e-05   2.3809120e-03   9.9974003e-01  -1.8587731e-02
  -1.0012939e-03  -5.1658535e-02  -9.8331910e-01  -3.8945800e-02  -1.6953992e-01  -1.2384783e-02  -1.2585009e-06
   9.9999120e-01  -4.0507359e-03  -7.5845798e-04  -7.4018402e-04  -1.1837389e-04   2.1577281e-04   2.6030211e-05
