   1.4382758e-04  -1.8359506e-02  -3.9431876e-02  -9.9619246e-01  -7.5469602e-02   3.5914223e-03  -2.4970452e-04
   1.0351573e-03  -9.9926474e-01  -3.2464288e-02   1.9181550e-02   6.8582968e-03  -5.2301646e-05  -5.0567433e-05
  -9.5391535e-06   6.5049011e-05   8.2895309e-05   8.0810860e-05   2.2895232e-03   2.2424804e-03  -9.9999486e-01
  -1.3771358e-04   5.2163058e-03   5.2615992e-03  -7.5845458e-02   9.9708912e-01  -8.1381049e-04   2.2756930e-03
  -8.3630210e-05   6.0238712e-05  -2.4907700e-03  -3.4268533e-03  -1.0589048e-03  -9.9998794e-01  -2.2453680e-03
   1.7219705e-04   3.3235834e-02  -9.9867775e-01   3.8319186e-02   8.0129935e-03   2.3498145e-03  -5.3913710e-05
   9.9999943e-01   1.0320383e-03   2.1176361e-04   1.0609488e-04   1.3962146e-04  -8.4586968e-05  -9.3159531e-06
